Iteration: 500001
Printing out the current Adaptive Biasing Vector Field.
First (Nr of CVs) columns are the coordinates, the next (Nr of CVs) columns are components of the Adaptive Force vector at that point.
The columns are 441 long, mapping out a surface of 21 by 21 points in 2 dimensions.

  -2.99048   -2.99048    30.2556   -28.7453 
  -2.69143   -2.99048   -1.06916   -9.12268 
  -2.39238   -2.99048   -6.87642   -18.4462 
  -2.09333   -2.99048   -11.1605   -24.2341 
  -1.79429   -2.99048   -4.44529   -25.7674 
  -1.49524   -2.99048   -11.6945     -29.88 
  -1.19619   -2.99048   -29.6749   -28.0873 
 -0.897143   -2.99048   -55.8931   -47.6219 
 -0.598095   -2.99048   -66.8977   -49.9392 
 -0.299048   -2.99048   -22.6439   -33.2803 
         0   -2.99048    44.0838    9.05385 
  0.299048   -2.99048    69.0701    25.3831 
  0.598095   -2.99048    54.7545    26.6342 
  0.897143   -2.99048    18.7347    14.4566 
   1.19619   -2.99048     -17.03    7.96913 
   1.49524   -2.99048   -39.8136   -10.1639 
   1.79429   -2.99048   -28.1907   -3.74597 
   2.09333   -2.99048    3.88609   -5.45775 
   2.39238   -2.99048    36.2403   -20.1141 
   2.69143   -2.99048    52.8548   -13.5373 
   2.99048   -2.99048    57.4054   -26.1416 
  -2.99048   -2.69143    26.6625   -24.7875 
  -2.69143   -2.69143  -0.890487   -18.2589 
  -2.39238   -2.69143   -12.6237   -16.2099 
  -2.09333   -2.69143   -10.0749   -28.0197 
  -1.79429   -2.69143   -11.1391   -38.2878 
  -1.49524   -2.69143   -17.5421   -35.9066 
  -1.19619   -2.69143   -36.0562    -29.317 
 -0.897143   -2.69143   -60.8431   -39.8319 
 -0.598095   -2.69143   -59.6506   -33.3439 
 -0.299048   -2.69143     39.164    26.1802 
         0   -2.69143    66.2613    36.1041 
  0.299048   -2.69143    70.4606    28.8142 
  0.598095   -2.69143    53.2734    25.8542 
  0.897143   -2.69143    14.0069    13.4188 
   1.19619   -2.69143   -21.8953     6.6812 
   1.49524   -2.69143   -39.7498   -8.43171 
   1.79429   -2.69143   -34.9308   -2.51101 
   2.09333   -2.69143   -16.6066    3.04851 
   2.39238   -2.69143     18.537   -6.52299 
   2.69143   -2.69143     52.747   -16.7759 
   2.99048   -2.69143    53.6008   -28.9693 
  -2.99048   -2.39238    31.8405   -23.2293 
  -2.69143   -2.39238    4.10562   -19.0521 
  -2.39238   -2.39238  -0.629289   -21.3054 
  -2.09333   -2.39238   -5.27293   -18.8124 
  -1.79429   -2.39238   -9.84056   -21.4704 
  -1.49524   -2.39238   -18.4223   -26.7873 
  -1.19619   -2.39238   -33.9752   -24.4364 
 -0.897143   -2.39238   -53.4713   -13.6635 
 -0.598095   -2.39238   0.525306    28.3521 
 -0.299048   -2.39238    46.3179    40.6886 
         0   -2.39238     57.342    28.6318 
  0.299048   -2.39238    61.6039    14.1142 
  0.598095   -2.39238     48.237    15.8432 
  0.897143   -2.39238    12.6761    14.9166 
   1.19619   -2.39238   -22.7961    12.8642 
   1.49524   -2.39238   -41.5365    1.79571 
   1.79429   -2.39238   -43.7573    7.34262 
   2.09333   -2.39238   -22.6884    7.36016 
   2.39238   -2.39238    19.1955   -3.76297 
   2.69143   -2.39238    49.3343   -15.3998 
   2.99048   -2.39238    50.4881   -24.7346 
  -2.99048   -2.09333    29.9984   -12.0895 
  -2.69143   -2.09333    8.70004   -10.8763 
  -2.39238   -2.09333   -4.10948   -10.2827 
  -2.09333   -2.09333   -7.90269   -3.54281 
  -1.79429   -2.09333   -10.5524   -8.50687 
  -1.49524   -2.09333    -15.767   -18.9768 
  -1.19619   -2.09333   -29.0008    2.58781 
 -0.897143   -2.09333   -44.5597    9.03479 
 -0.598095   -2.09333   -14.7137    28.1714 
 -0.299048   -2.09333    40.8366    38.7671 
         0   -2.09333    48.7219    22.4697 
  0.299048   -2.09333    44.5163    5.36501 
  0.598095   -2.09333    36.5374    14.1898 
  0.897143   -2.09333     6.7671    10.5159 
   1.19619   -2.09333   -28.5772    12.3124 
   1.49524   -2.09333   -49.3696    12.7259 
   1.79429   -2.09333    -48.315     4.5513 
   2.09333   -2.09333   -12.9312   -3.94939 
   2.39238   -2.09333    26.8809   -12.0301 
   2.69143   -2.09333    47.4721    -20.305 
   2.99048   -2.09333    42.1881   -10.1179 
  -2.99048   -1.79429    25.2818  -0.352612 
  -2.69143   -1.79429    10.7842   -4.60421 
  -2.39238   -1.79429   -6.90488    3.81627 
  -2.09333   -1.79429   -9.80961   -3.95734 
  -1.79429   -1.79429   -6.05624   -2.51919 
  -1.49524   -1.79429   -10.7625    4.20549 
  -1.19619   -1.79429   -20.9496    15.7386 
 -0.897143   -1.79429   -24.9541    21.2569 
 -0.598095   -1.79429   -12.0105    29.0126 
 -0.299048   -1.79429    13.0868    21.3018 
         0   -1.79429    29.1854    17.6989 
  0.299048   -1.79429    38.7324    10.8635 
  0.598095   -1.79429    34.5905    8.47876 
  0.897143   -1.79429    12.9128    16.3754 
   1.19619   -1.79429   -25.5561    16.1449 
   1.49524   -1.79429   -51.5416    6.45654 
   1.79429   -1.79429   -48.0765   -5.43455 
   2.09333   -1.79429   -13.3132  -0.579929 
   2.39238   -1.79429    6.67398    7.64108 
   2.69143   -1.79429    39.2443     -4.419 
   2.99048   -1.79429    41.2372    4.01589 
  -2.99048   -1.49524     23.751    9.57846 
  -2.69143   -1.49524    3.01772    7.11729 
  -2.39238   -1.49524   -4.53755    8.93543 
  -2.09333   -1.49524   -4.58455    7.31262 
  -1.79429   -1.49524   -3.59716    8.55591 
  -1.49524   -1.49524    -6.4277    15.2649 
  -1.19619   -1.49524   -6.55154    30.5732 
 -0.897143   -1.49524   -8.09747    36.1317 
 -0.598095   -1.49524   -7.54599    29.5684 
 -0.299048   -1.49524    6.75795    20.2658 
         0   -1.49524     20.974    12.1466 
  0.299048   -1.49524    29.5736    7.09138 
  0.598095   -1.49524    30.7647    5.52152 
  0.897143   -1.49524     11.377    6.74142 
   1.19619   -1.49524   -24.0794     12.477 
   1.49524   -1.49524   -53.6503    9.12095 
   1.79429   -1.49524   -57.1278    17.0463 
   2.09333   -1.49524     -31.57    14.5359 
   2.39238   -1.49524    4.27443    13.2334 
   2.69143   -1.49524    24.3142      9.493 
   2.99048   -1.49524    34.4276    7.60512 
  -2.99048   -1.19619    22.0117    6.67059 
  -2.69143   -1.19619    2.15229    6.99514 
  -2.39238   -1.19619   -8.71195    8.86458 
  -2.09333   -1.19619   -8.84776     5.7102 
  -1.79429   -1.19619   -5.54074    15.1461 
  -1.49524   -1.19619     -7.614    13.8414 
  -1.19619   -1.19619    4.07856    30.6408 
 -0.897143   -1.19619  -0.835779    35.1329 
 -0.598095   -1.19619   0.107796    32.8473 
 -0.299048   -1.19619    3.24263    12.0244 
         0   -1.19619    22.0938     16.554 
  0.299048   -1.19619    30.3577    6.34023 
  0.598095   -1.19619    33.7396    6.90252 
  0.897143   -1.19619    18.6341    8.19633 
   1.19619   -1.19619   -20.7285    6.49077 
   1.49524   -1.19619   -59.1473    4.99565 
   1.79429   -1.19619   -77.7925     8.6307 
   2.09333   -1.19619   -44.0875    18.1916 
   2.39238   -1.19619    3.96299    14.6252 
   2.69143   -1.19619    33.2429    6.95735 
   2.99048   -1.19619    36.5762    3.66806 
  -2.99048  -0.897143    24.2118    8.39183 
  -2.69143  -0.897143    6.62582    3.58611 
  -2.39238  -0.897143   -3.65592    7.20644 
  -2.09333  -0.897143   -7.01841    12.7835 
  -1.79429  -0.897143  -0.158615    17.4096 
  -1.49524  -0.897143   -1.40449    12.7009 
  -1.19619  -0.897143  -0.047166    23.0269 
 -0.897143  -0.897143   -4.20403    28.3908 
 -0.598095  -0.897143   -12.8086    23.2539 
 -0.299048  -0.897143   -14.0529    4.11113 
         0  -0.897143     2.6963     2.8917 
  0.299048  -0.897143    27.6783    4.43129 
  0.598095  -0.897143    35.9342    4.02224 
  0.897143  -0.897143     19.239     2.4584 
   1.19619  -0.897143   -17.1168  -0.115711 
   1.49524  -0.897143   -62.9002   0.853618 
   1.79429  -0.897143    -76.734    1.92948 
   2.09333  -0.897143   -43.2976    1.90243 
   2.39238  -0.897143     10.885    6.79788 
   2.69143  -0.897143    31.4831    4.36151 
   2.99048  -0.897143    35.0145    5.86815 
  -2.99048  -0.598095    23.6746    9.70501 
  -2.69143  -0.598095    12.5836   -4.80289 
  -2.39238  -0.598095   0.529074     5.1714 
  -2.09333  -0.598095    6.21084    16.1844 
  -1.79429  -0.598095    4.69447    17.0441 
  -1.49524  -0.598095    9.10461    17.8177 
  -1.19619  -0.598095   -1.50804    18.7623 
 -0.897143  -0.598095    -9.4837    23.3738 
 -0.598095  -0.598095   -23.2425     6.3776 
 -0.299048  -0.598095   -22.2168    1.49807 
         0  -0.598095  -0.776767   -4.88722 
  0.299048  -0.598095    26.2328    1.95147 
  0.598095  -0.598095    38.9972    7.34568 
  0.897143  -0.598095    18.2122  -0.914759 
   1.19619  -0.598095   -23.4088    -8.5791 
   1.49524  -0.598095    -59.028   -3.17822 
   1.79429  -0.598095   -64.4398   -8.96383 
   2.09333  -0.598095   -30.4318   -4.74754 
   2.39238  -0.598095    17.7803     6.6602 
   2.69143  -0.598095    38.8456    8.94765 
   2.99048  -0.598095     41.029   -2.40809 
  -2.99048  -0.299048    26.9819     4.2945 
  -2.69143  -0.299048    15.9296    2.71315 
  -2.39238  -0.299048     10.241    10.5493 
  -2.09333  -0.299048    8.80957    16.0225 
  -1.79429  -0.299048    12.5962    19.0627 
  -1.49524  -0.299048    13.5825    21.0298 
  -1.19619  -0.299048   -3.36275    7.40924 
 -0.897143  -0.299048   -20.8656   0.987771 
 -0.598095  -0.299048   -29.8117   -5.50337 
 -0.299048  -0.299048   -19.6772   -4.69973 
         0  -0.299048   -1.81902   -10.6673 
  0.299048  -0.299048    33.5247    3.20677 
  0.598095  -0.299048     40.039    2.07729 
  0.897143  -0.299048    18.5428  -0.776124 
   1.19619  -0.299048   -30.4188    -16.123 
   1.49524  -0.299048   -56.5425   -5.75202 
   1.79429  -0.299048   -61.4463   -12.1323 
   2.09333  -0.299048   -42.9831   -9.22119 
   2.39238  -0.299048     3.6741   -8.57983 
   2.69143  -0.299048     37.923    1.01364 
   2.99048  -0.299048    46.0955 -0.0065472 
  -2.99048          0    47.1004     7.7837 
  -2.69143          0    23.7831    2.70191 
  -2.39238          0    8.70111    7.07144 
  -2.09333          0     7.1251    6.62782 
  -1.79429          0    14.2223    12.0304 
  -1.49524          0    9.64441    11.9082 
  -1.19619          0   -5.05875    9.93397 
 -0.897143          0   -26.1075   -5.67295 
 -0.598095          0   -36.0379   -7.64338 
 -0.299048          0   -25.4199   -5.78064 
         0          0    6.61143     1.3747 
  0.299048          0     40.075    1.93271 
  0.598095          0    32.4784   -2.11482 
  0.897143          0    9.58752    -5.3603 
   1.19619          0   -33.2861   -18.2957 
   1.49524          0   -65.7178    -19.494 
   1.79429          0    -65.197    -9.6844 
   2.09333          0   -43.4104    -16.531 
   2.39238          0    8.36163   -12.7468 
   2.69143          0    51.2473   -2.41943 
   2.99048          0    58.2885    13.7387 
  -2.99048   0.299048    50.5997    15.5458 
  -2.69143   0.299048    27.9961   -2.60456 
  -2.39238   0.299048    13.9494    6.05375 
  -2.09333   0.299048     15.267   -2.92777 
  -1.79429   0.299048    15.3691    10.8912 
  -1.49524   0.299048    8.30191    5.10108 
  -1.19619   0.299048   -11.6321    3.33969 
 -0.897143   0.299048   -38.8447   -11.4741 
 -0.598095   0.299048   -41.5342   -9.98062 
 -0.299048   0.299048   -20.4696   -8.22199 
         0   0.299048    13.9277   -5.48004 
  0.299048   0.299048    32.6921    -5.4215 
  0.598095   0.299048    32.0224  -0.570784 
  0.897143   0.299048    4.17778   -9.13494 
   1.19619   0.299048    -37.617   -20.9365 
   1.49524   0.299048   -62.8404   -31.6603 
   1.79429   0.299048   -59.4682   -22.9396 
   2.09333   0.299048   -32.1715   -23.6339 
   2.39238   0.299048    27.7045   -12.7913 
   2.69143   0.299048     73.599    18.1945 
   2.99048   0.299048    72.7021    17.0877 
  -2.99048   0.598095    45.9634     10.555 
  -2.69143   0.598095    30.6026   -1.88935 
  -2.39238   0.598095    11.0068    6.41449 
  -2.09333   0.598095    10.2381    1.93683 
  -1.79429   0.598095     17.897    2.88109 
  -1.49524   0.598095    8.58571    5.95643 
  -1.19619   0.598095   -17.9216    4.07052 
 -0.897143   0.598095   -39.5409   -4.26669 
 -0.598095   0.598095   -47.5661   -11.3713 
 -0.299048   0.598095   -33.7159   -14.2715 
         0   0.598095    1.68248    -5.5631 
  0.299048   0.598095     22.175 -0.0903256 
  0.598095   0.598095    20.0395   -6.84887 
  0.897143   0.598095   -2.69954   -19.5796 
   1.19619   0.598095   -41.1378    -25.391 
   1.49524   0.598095   -54.0725   -38.0831 
   1.79429   0.598095    -52.374   -25.6783 
   2.09333   0.598095   -33.5144    3.26678 
   2.39238   0.598095    25.3191     7.0584 
   2.69143   0.598095    57.4349    5.09875 
   2.99048   0.598095    62.4199    8.65816 
  -2.99048   0.897143    37.8092    5.67625 
  -2.69143   0.897143    22.0391    2.93071 
  -2.39238   0.897143    14.2365  -0.271431 
  -2.09333   0.897143     16.278    7.75322 
  -1.79429   0.897143    16.4777   -3.86994 
  -1.49524   0.897143    11.2999    9.54764 
  -1.19619   0.897143    -19.823    1.42466 
 -0.897143   0.897143   -42.3604   -5.78133 
 -0.598095   0.897143   -45.8828   -6.47001 
 -0.299048   0.897143   -30.0662     5.1734 
         0   0.897143     2.3815    5.04332 
  0.299048   0.897143     24.186    1.87578 
  0.598095   0.897143    12.8013   -15.3498 
  0.897143   0.897143   -10.3685   -23.0431 
   1.19619   0.897143   -33.1364   -18.5567 
   1.49524   0.897143    -63.342   -29.0744 
   1.79429   0.897143   -50.0251   -9.15511 
   2.09333   0.897143   -32.2018   0.212806 
   2.39238   0.897143    13.8292   0.550113 
   2.69143   0.897143    59.6177    3.37558 
   2.99048   0.897143    56.3689    13.9382 
  -2.99048    1.19619     44.056    12.3784 
  -2.69143    1.19619    15.8675    9.72212 
  -2.39238    1.19619    6.34826    3.58638 
  -2.09333    1.19619    12.0066    2.93036 
  -1.79429    1.19619    17.8179   -3.57134 
  -1.49524    1.19619    6.80427   0.708604 
  -1.19619    1.19619   -18.6898 -0.0514139 
 -0.897143    1.19619   -38.6576   -0.97573 
 -0.598095    1.19619   -42.2631    1.54768 
 -0.299048    1.19619    -20.685    9.71522 
         0    1.19619    1.04309    3.21533 
  0.299048    1.19619    9.41907   -14.2088 
  0.598095    1.19619    2.32264   -21.7481 
  0.897143    1.19619   -8.57495   -23.9004 
   1.19619    1.19619   -20.7446   -5.53963 
   1.49524    1.19619   -38.7463   -8.85989 
   1.79429    1.19619   -30.8587  -0.697849 
   2.09333    1.19619   -16.2077    6.88916 
   2.39238    1.19619    27.2954    23.1249 
   2.69143    1.19619    58.3377    3.90656 
   2.99048    1.19619    60.7279    5.14487 
  -2.99048    1.49524     45.987    9.36274 
  -2.69143    1.49524    17.2334    17.1341 
  -2.39238    1.49524    9.34099    16.1312 
  -2.09333    1.49524    4.19661    5.85139 
  -1.79429    1.49524    11.8829   -4.48131 
  -1.49524    1.49524    2.59645   -7.76933 
  -1.19619    1.49524   -18.1441   -5.57474 
 -0.897143    1.49524   -33.0711   -2.25641 
 -0.598095    1.49524   -33.6677    5.90681 
 -0.299048    1.49524   -20.5456   0.683014 
         0    1.49524   -14.9444   -10.8133 
  0.299048    1.49524   -4.71232   -18.2343 
  0.598095    1.49524    6.20698    -20.472 
  0.897143    1.49524    1.50271   -15.0992 
   1.19619    1.49524   -15.7583    5.30711 
   1.49524    1.49524   -34.2614    12.1271 
   1.79429    1.49524   -26.9232   -3.14919 
   2.09333    1.49524   -11.3796    18.9114 
   2.39238    1.49524    22.2986    24.6509 
   2.69143    1.49524    49.6913    17.2216 
   2.99048    1.49524    61.7787     7.3207 
  -2.99048    1.79429    46.0657    14.1881 
  -2.69143    1.79429    17.4196     15.021 
  -2.39238    1.79429    8.00408    17.1083 
  -2.09333    1.79429    10.2882    12.0172 
  -1.79429    1.79429    9.87877     2.4615 
  -1.49524    1.79429    8.10931   -6.62174 
  -1.19619    1.79429   -10.6965   -5.29427 
 -0.897143    1.79429   -26.3791   -3.44588 
 -0.598095    1.79429   -31.0851    5.00009 
 -0.299048    1.79429   -33.4629   -8.15616 
         0    1.79429   -21.0474   -16.5888 
  0.299048    1.79429   -8.96907   -21.3117 
  0.598095    1.79429    4.47097   -21.9039 
  0.897143    1.79429    16.4736   -2.35846 
   1.19619    1.79429   -7.31729    13.1587 
   1.49524    1.79429   -23.1742    4.85116 
   1.79429    1.79429   -26.8197    9.57395 
   2.09333    1.79429   -11.3667    14.1498 
   2.39238    1.79429    44.4251    14.9061 
   2.69143    1.79429     55.494     15.611 
   2.99048    1.79429    70.9196      9.652 
  -2.99048    2.09333    37.0386    19.2684 
  -2.69143    2.09333    14.9046    14.7847 
  -2.39238    2.09333    3.61099    16.2685 
  -2.09333    2.09333    3.27493    8.68127 
  -1.79429    2.09333  -0.931651    3.30491 
  -1.49524    2.09333    1.72065   -3.87065 
  -1.19619    2.09333   -10.0605   -2.16205 
 -0.897143    2.09333   -26.8848   -8.58841 
 -0.598095    2.09333   -39.3453    1.49709 
 -0.299048    2.09333   -45.9467   -14.9784 
         0    2.09333   -45.5625   -24.4353 
  0.299048    2.09333   -27.3094   -19.1038 
  0.598095    2.09333     8.7701   -12.3383 
  0.897143    2.09333     24.759    10.4251 
   1.19619    2.09333   0.669598    18.7005 
   1.49524    2.09333   -22.2273    27.6885 
   1.79429    2.09333   -36.2723     23.467 
   2.09333    2.09333   -28.3786    16.6173 
   2.39238    2.09333     35.717     19.119 
   2.69143    2.09333    60.4097    28.3692 
   2.99048    2.09333    57.5643    20.0089 
  -2.99048    2.39238    34.0608    16.6503 
  -2.69143    2.39238    8.70313    19.1467 
  -2.39238    2.39238   0.217661    16.6992 
  -2.09333    2.39238  -0.305487    5.26741 
  -1.79429    2.39238   -2.68097    1.07648 
  -1.49524    2.39238   -3.95572   -1.89566 
  -1.19619    2.39238   -17.0782    -5.4843 
 -0.897143    2.39238   -33.5099   -9.86387 
 -0.598095    2.39238   -44.9941   -13.0635 
 -0.299048    2.39238   -62.2657   -27.9002 
         0    2.39238   -46.7831   -24.2274 
  0.299048    2.39238   -14.0153    3.34421 
  0.598095    2.39238    38.8841      5.436 
  0.897143    2.39238    32.3139    22.3612 
   1.19619    2.39238    1.29558    27.7118 
   1.49524    2.39238   -32.8896    22.1774 
   1.79429    2.39238   -35.8162    20.7948 
   2.09333    2.39238   -16.8618    17.9342 
   2.39238    2.39238    23.5561    25.0547 
   2.69143    2.39238    51.4847    31.9097 
   2.99048    2.39238    51.3606     16.548 
  -2.99048    2.69143    34.1779    3.43403 
  -2.69143    2.69143    2.30702    15.8327 
  -2.39238    2.69143   -9.06327    8.91253 
  -2.09333    2.69143   -8.86059    1.29934 
  -1.79429    2.69143   -1.59724   -1.87563 
  -1.49524    2.69143   -1.40215   -4.75172 
  -1.19619    2.69143   -17.8205   -13.0039 
 -0.897143    2.69143   -38.0375   -20.7221 
 -0.598095    2.69143    -59.025   -36.4062 
 -0.299048    2.69143   -65.2849   -33.4197 
         0    2.69143   -53.7029    -37.302 
  0.299048    2.69143   -15.0641    -16.445 
  0.598095    2.69143    58.3842    25.7364 
  0.897143    2.69143    38.8903    31.7207 
   1.19619    2.69143  -0.626396    25.3478 
   1.49524    2.69143   -29.3378    16.2262 
   1.79429    2.69143   -36.5103    10.4896 
   2.09333    2.69143   -30.6721     5.7841 
   2.39238    2.69143    21.4338     13.791 
   2.69143    2.69143     49.024    11.0915 
   2.99048    2.69143    58.4205    6.43027 
  -2.99048    2.99048    27.6594    -12.835 
  -2.69143    2.99048    2.97478    2.12929 
  -2.39238    2.99048   -9.04879   -11.0582 
  -2.09333    2.99048   -8.20414    -8.9026 
  -1.79429    2.99048   -12.2773   -9.90599 
  -1.49524    2.99048   -11.0143   -14.8845 
  -1.19619    2.99048   -20.2587    -17.472 
 -0.897143    2.99048   -47.4386   -35.0929 
 -0.598095    2.99048   -65.5669   -39.1295 
 -0.299048    2.99048   -70.3411   -48.4999 
         0    2.99048   -39.8278    -35.446 
  0.299048    2.99048    44.5903    6.39408 
  0.598095    2.99048    64.0487     26.297 
  0.897143    2.99048    27.4795    21.4142 
   1.19619    2.99048   -13.3883    13.0248 
   1.49524    2.99048   -29.6441    5.58606 
   1.79429    2.99048   -20.6858    5.70056 
   2.09333    2.99048    4.00012   -6.40447 
   2.39238    2.99048    44.4288  -0.952503 
   2.69143    2.99048    56.1485   -3.83714 
   2.99048    2.99048    50.0529   -5.87048 


