
Sweep: 1000
Printing out the current Biasing Vector Field from CFF.
First (Nr of CVs) columns are the coordinates, the next (Nr of CVs) columns are components of the Generalized Force vector at that point.
The columns are 900 long, mapping out a surface of 30 by 30 points in 2 dimensions.

                 -3.14159000    -3.14159000   47.61452399   -17.13377434 
                 -2.92492862    -3.14159000   28.58539436   -13.91792531 
                 -2.70826724    -3.14159000   11.32038320   -15.53315263 
                 -2.49160586    -3.14159000   -1.66260580   -15.87792845 
                 -2.27494448    -3.14159000   -4.93899328   -13.20388454 
                 -2.05828310    -3.14159000   -3.09768683   -16.21163221 
                 -1.84162172    -3.14159000    1.93489319   -18.68567082 
                 -1.62496034    -3.14159000    3.24035498   -14.46315888 
                 -1.40829897    -3.14159000    1.31862011   -17.77920916 
                 -1.19163759    -3.14159000  -14.26304973   -24.16559909 
                 -0.97497621    -3.14159000  -31.68029036   -30.81287066 
                 -0.75831483    -3.14159000  -50.01535889   -39.52177130 
                 -0.54165345    -3.14159000  -58.70073016   -43.58464256 
                 -0.32499207    -3.14159000  -54.13696883   -48.96632492 
                 -0.10833069    -3.14159000  -19.36536291   -37.12086365 
                  0.10833069    -3.14159000   34.34261009    -5.30453285 
                  0.32499207    -3.14159000   57.69124900     4.08110137 
                  0.54165345    -3.14159000   59.06578783     8.22571957 
                  0.75831483    -3.14159000   37.98539362     5.86422735 
                  0.97497621    -3.14159000    4.79909375    -2.72496929 
                  1.19163759    -3.14159000  -27.92161752    -8.93875253 
                  1.40829897    -3.14159000  -48.78386800   -11.71938549 
                  1.62496034    -3.14159000  -55.09112235   -15.51667371 
                  1.84162172    -3.14159000  -51.29761516   -14.56830687 
                  2.05828310    -3.14159000  -27.54514469   -17.29501383 
                  2.27494448    -3.14159000    6.26880645   -23.12411516 
                  2.49160586    -3.14159000   41.86993132   -20.94427316 
                  2.70826724    -3.14159000   55.21218873   -22.38653234 
                  2.92492862    -3.14159000   61.18883931   -20.34234711 
                  3.14159000    -3.14159000   47.61452399   -17.13377434 
                 -3.14159000    -2.92492862   50.10179868   -21.72354840 
                 -2.92492862    -2.92492862   31.62168253   -23.04169727 
                 -2.70826724    -2.92492862   13.73946953   -18.35347364 
                 -2.49160586    -2.92492862    2.74520814   -17.14747811 
                 -2.27494448    -2.92492862   -2.20818854   -16.39970964 
                 -2.05828310    -2.92492862   -2.41920005   -18.91293458 
                 -1.84162172    -2.92492862   -0.26434636   -19.03757021 
                 -1.62496034    -2.92492862    3.40637964   -18.97257414 
                 -1.40829897    -2.92492862   -2.64207548   -22.73601719 
                 -1.19163759    -2.92492862  -20.70911657   -28.88036800 
                 -0.97497621    -2.92492862  -41.51229545   -36.60346886 
                 -0.75831483    -2.92492862  -59.65178519   -45.23400750 
                 -0.54165345    -2.92492862  -62.52325870   -44.66936808 
                 -0.32499207    -2.92492862  -46.28282237   -37.86962416 
                 -0.10833069    -2.92492862   15.33931359    -7.61595343 
                  0.10833069    -2.92492862   49.33725258     6.21582261 
                  0.32499207    -2.92492862   61.74263144    11.14621225 
                  0.54165345    -2.92492862   54.75890825    10.98581957 
                  0.75831483    -2.92492862   29.99973214     1.43357513 
                  0.97497621    -2.92492862   -2.54355578    -5.03490385 
                  1.19163759    -2.92492862  -31.37302662   -11.22772360 
                  1.40829897    -2.92492862  -50.15139485   -14.96955926 
                  1.62496034    -2.92492862  -57.65198539   -14.59200282 
                  1.84162172    -2.92492862  -53.42942427   -17.12841756 
                  2.05828310    -2.92492862  -31.46163589   -17.37250242 
                  2.27494448    -2.92492862    4.85409266   -19.89141453 
                  2.49160586    -2.92492862   36.65277224   -23.79213788 
                  2.70826724    -2.92492862   53.22909397   -24.51663598 
                  2.92492862    -2.92492862   57.04264194   -24.95677761 
                  3.14159000    -2.92492862   50.10179868   -21.72354840 
                 -3.14159000    -2.70826724   47.28172780   -21.24463201 
                 -2.92492862    -2.70826724   31.60008251   -19.89873273 
                 -2.70826724    -2.70826724   16.16066557   -22.40831803 
                 -2.49160586    -2.70826724    2.02252605   -16.47464119 
                 -2.27494448    -2.70826724   -3.25526483   -18.80701512 
                 -2.05828310    -2.70826724    1.05994269   -17.64687702 
                 -1.84162172    -2.70826724    0.81121154   -16.38597577 
                 -1.62496034    -2.70826724    1.95208983   -16.92359810 
                 -1.40829897    -2.70826724   -6.66196397   -19.32475552 
                 -1.19163759    -2.70826724  -27.70796534   -26.70467226 
                 -0.97497621    -2.70826724  -47.09370752   -29.19775317 
                 -0.75831483    -2.70826724  -58.40632820   -29.61627977 
                 -0.54165345    -2.70826724  -56.11551842   -26.95513047 
                 -0.32499207    -2.70826724  -20.18708667    -5.27462131 
                 -0.10833069    -2.70826724   32.58851748    12.98158562 
                  0.10833069    -2.70826724   55.43982541    16.40550019 
                  0.32499207    -2.70826724   58.52050741    13.07146257 
                  0.54165345    -2.70826724   47.52655616     5.49562219 
                  0.75831483    -2.70826724   22.25646935    -1.68380611 
                  0.97497621    -2.70826724   -6.27026933    -8.19231181 
                  1.19163759    -2.70826724  -35.12870404   -11.91125907 
                  1.40829897    -2.70826724  -50.22825446   -10.13672099 
                  1.62496034    -2.70826724  -59.93763848    -9.39477161 
                  1.84162172    -2.70826724  -56.04864185   -13.76453517 
                  2.05828310    -2.70826724  -30.77622945   -14.61714448 
                  2.27494448    -2.70826724    0.82062266   -17.88056529 
                  2.49160586    -2.70826724   33.72037523   -22.57996854 
                  2.70826724    -2.70826724   52.59560900   -26.41138548 
                  2.92492862    -2.70826724   59.91912467   -22.81424949 
                  3.14159000    -2.70826724   47.28172780   -21.24463201 
                 -3.14159000    -2.49160586   50.60818828   -18.94685515 
                 -2.92492862    -2.49160586   34.91094787   -15.09045949 
                 -2.70826724    -2.49160586   14.74782840   -13.12199505 
                 -2.49160586    -2.49160586    2.63432758   -14.12511148 
                 -2.27494448    -2.49160586   -2.51847462   -14.15839015 
                 -2.05828310    -2.49160586   -2.70779337   -14.11550210 
                 -1.84162172    -2.49160586   -1.43313794   -15.77328038 
                 -1.62496034    -2.49160586    1.53128908   -18.51527926 
                 -1.40829897    -2.49160586  -11.28295002   -18.82963242 
                 -1.19163759    -2.49160586  -30.31084052   -18.36982856 
                 -0.97497621    -2.49160586  -45.95137537   -16.45427396 
                 -0.75831483    -2.49160586  -55.68778861   -14.69781951 
                 -0.54165345    -2.49160586  -41.24310202    -1.19339221 
                 -0.32499207    -2.49160586   -2.21050657    14.96409378 
                 -0.10833069    -2.49160586   36.08301801    24.64868881 
                  0.10833069    -2.49160586   51.32625850    19.30970525 
                  0.32499207    -2.49160586   51.46048257    10.70199966 
                  0.54165345    -2.49160586   39.22012154     2.40524647 
                  0.75831483    -2.49160586   16.18254300    -3.27577981 
                  0.97497621    -2.49160586  -11.21530175    -5.35101157 
                  1.19163759    -2.49160586  -34.89663192    -5.42657508 
                  1.40829897    -2.49160586  -53.84687726    -9.13500247 
                  1.62496034    -2.49160586  -58.50634750   -11.22491795 
                  1.84162172    -2.49160586  -53.98070647    -8.86681625 
                  2.05828310    -2.49160586  -33.74697460    -8.06101052 
                  2.27494448    -2.49160586   -6.55919270    -8.11595416 
                  2.49160586    -2.49160586   27.63556185   -12.11731519 
                  2.70826724    -2.49160586   50.03206327   -20.39027099 
                  2.92492862    -2.49160586   56.40497462   -19.39550693 
                  3.14159000    -2.49160586   50.60818828   -18.94685515 
                 -3.14159000    -2.27494448   45.24532710    -7.27005280 
                 -2.92492862    -2.27494448   34.36812848   -11.06281439 
                 -2.70826724    -2.27494448   16.67817309   -13.08836008 
                 -2.49160586    -2.27494448    3.48125013   -10.54577641 
                 -2.27494448    -2.27494448   -0.31089745   -10.36091403 
                 -2.05828310    -2.27494448   -2.89377187   -10.70890039 
                 -1.84162172    -2.27494448    0.31421084   -13.36051594 
                 -1.62496034    -2.27494448    0.69899829    -8.89444331 
                 -1.40829897    -2.27494448  -13.14991944   -11.52792270 
                 -1.19163759    -2.27494448  -27.27017656    -9.53340864 
                 -0.97497621    -2.27494448  -42.16662327    -5.46261372 
                 -0.75831483    -2.27494448  -47.86041104     2.70303173 
                 -0.54165345    -2.27494448  -26.34478238    14.37716764 
                 -0.32499207    -2.27494448   10.32595441    27.46845187 
                 -0.10833069    -2.27494448   29.18209259    26.20480477 
                  0.10833069    -2.27494448   42.86148303    17.08563906 
                  0.32499207    -2.27494448   43.44146892    10.09057185 
                  0.54165345    -2.27494448   32.56703288    -2.23480633 
                  0.75831483    -2.27494448   14.13504244    -3.84530686 
                  0.97497621    -2.27494448  -11.96714888    -5.14634945 
                  1.19163759    -2.27494448  -36.97851205    -5.53565502 
                  1.40829897    -2.27494448  -52.72266225    -5.59728151 
                  1.62496034    -2.27494448  -59.92580101    -4.34837912 
                  1.84162172    -2.27494448  -51.42300132    -2.19249795 
                  2.05828310    -2.27494448  -35.96171474    -2.35252770 
                  2.27494448    -2.27494448   -7.53934697    -4.32764715 
                  2.49160586    -2.27494448   24.22978834    -4.38363545 
                  2.70826724    -2.27494448   47.45396648    -6.14310545 
                  2.92492862    -2.27494448   54.27190812   -12.16266130 
                  3.14159000    -2.27494448   45.24532710    -7.27005280 
                 -3.14159000    -2.05828310   46.52236951    -4.21081686 
                 -2.92492862    -2.05828310   35.85504698    -9.05042134 
                 -2.70826724    -2.05828310   15.40136687    -7.68034585 
                 -2.49160586    -2.05828310    5.25124394    -6.87519168 
                 -2.27494448    -2.05828310   -3.91324203    -5.94650529 
                 -2.05828310    -2.05828310   -1.19904070    -8.51154432 
                 -1.84162172    -2.05828310    1.44843330    -4.67747260 
                 -1.62496034    -2.05828310    0.15693414    -6.18201162 
                 -1.40829897    -2.05828310  -10.57092395    -5.51500977 
                 -1.19163759    -2.05828310  -24.13827718    -1.11671857 
                 -0.97497621    -2.05828310  -34.39701013     6.20633025 
                 -0.75831483    -2.05828310  -31.46237884    20.15349116 
                 -0.54165345    -2.05828310  -12.37445252    31.72846822 
                 -0.32499207    -2.05828310    9.64674868    30.21600205 
                 -0.10833069    -2.05828310   23.85058857    27.09680213 
                  0.10833069    -2.05828310   32.61376227    17.79405779 
                  0.32499207    -2.05828310   33.84234784     6.75808410 
                  0.54165345    -2.05828310   28.11757853     0.18206332 
                  0.75831483    -2.05828310   10.78052291    -2.67197211 
                  0.97497621    -2.05828310  -12.57096289    -3.89053399 
                  1.19163759    -2.05828310  -36.76630847    -2.13579871 
                  1.40829897    -2.05828310  -52.20292947     0.59237438 
                  1.62496034    -2.05828310  -57.09127548     0.30962510 
                  1.84162172    -2.05828310  -52.55154532     0.91440869 
                  2.05828310    -2.05828310  -36.95270935    -3.68368124 
                  2.27494448    -2.05828310   -5.05588138    -1.01028321 
                  2.49160586    -2.05828310   24.63305645    -3.30113274 
                  2.70826724    -2.05828310   45.05184829    -1.66486799 
                  2.92492862    -2.05828310   52.74153934    -4.18401797 
                  3.14159000    -2.05828310   46.52236951    -4.21081686 
                 -3.14159000    -1.84162172   45.85568644     4.89247595 
                 -2.92492862    -1.84162172   33.27872673    -0.04966899 
                 -2.70826724    -1.84162172   12.59620310     1.35258659 
                 -2.49160586    -1.84162172    4.69227966    -0.59916388 
                 -2.27494448    -1.84162172   -3.14340025     2.68892528 
                 -2.05828310    -1.84162172   -2.80927634     3.01851469 
                 -1.84162172    -1.84162172    3.11122926     0.88191945 
                 -1.62496034    -1.84162172   -0.19001069     1.92491498 
                 -1.40829897    -1.84162172   -8.40525948     4.48063182 
                 -1.19163759    -1.84162172  -17.08844773     8.32672645 
                 -0.97497621    -1.84162172  -23.79068163    15.50563789 
                 -0.75831483    -1.84162172  -22.18611447    25.23148225 
                 -0.54165345    -1.84162172  -10.86863620    31.46150129 
                 -0.32499207    -1.84162172    4.30402720    26.46039852 
                 -0.10833069    -1.84162172   15.06256864    18.66907472 
                  0.10833069    -1.84162172   23.16963760    10.67798600 
                  0.32499207    -1.84162172   25.67753350     3.41945474 
                  0.54165345    -1.84162172   23.37522898    -1.41656457 
                  0.75831483    -1.84162172    9.62942300    -5.57802003 
                  0.97497621    -1.84162172   -8.41013852    -1.98274958 
                  1.19163759    -1.84162172  -31.24940909     1.35212244 
                  1.40829897    -1.84162172  -51.65808505     2.53711958 
                  1.62496034    -1.84162172  -57.53063346     4.06371723 
                  1.84162172    -1.84162172  -53.41028037     3.59900705 
                  2.05828310    -1.84162172  -36.99241747     3.71434877 
                  2.27494448    -1.84162172   -5.29648867     5.44427354 
                  2.49160586    -1.84162172   24.88315761     3.21796489 
                  2.70826724    -1.84162172   46.49165773     7.40565061 
                  2.92492862    -1.84162172   51.12941270     8.34008681 
                  3.14159000    -1.84162172   45.85568644     4.89247595 
                 -3.14159000    -1.62496034   43.86494543    13.68523776 
                 -2.92492862    -1.62496034   32.80974589     9.93040853 
                 -2.70826724    -1.62496034   14.25445765     9.59824982 
                 -2.49160586    -1.62496034    1.46432710     7.09930151 
                 -2.27494448    -1.62496034   -2.74101217     5.48623278 
                 -2.05828310    -1.62496034    0.09428803     5.18215469 
                 -1.84162172    -1.62496034    2.33525363     7.03249992 
                 -1.62496034    -1.62496034    1.14350610     7.23374944 
                 -1.40829897    -1.62496034   -6.74514780     7.69050711 
                 -1.19163759    -1.62496034  -10.60291203    14.14323785 
                 -0.97497621    -1.62496034  -16.23897797    22.97110003 
                 -0.75831483    -1.62496034  -16.58558025    26.74589169 
                 -0.54165345    -1.62496034  -12.44712077    27.29426599 
                 -0.32499207    -1.62496034    0.22507089    23.30605614 
                 -0.10833069    -1.62496034    7.48106718    16.67288871 
                  0.10833069    -1.62496034   13.99570364     6.24847143 
                  0.32499207    -1.62496034   19.30063233    -0.53037041 
                  0.54165345    -1.62496034   18.62351265    -6.55292791 
                  0.75831483    -1.62496034   11.89325826    -5.74352042 
                  0.97497621    -1.62496034   -6.42309418    -4.17689349 
                  1.19163759    -1.62496034  -28.93354104     2.50627529 
                  1.40829897    -1.62496034  -50.09123979     7.86497060 
                  1.62496034    -1.62496034  -57.97978047     3.31941034 
                  1.84162172    -1.62496034  -53.42020983     4.46932849 
                  2.05828310    -1.62496034  -34.98964741     6.36652833 
                  2.27494448    -1.62496034   -6.78845862    11.68065314 
                  2.49160586    -1.62496034   29.91150738    12.04431779 
                  2.70826724    -1.62496034   45.73398058    15.67429691 
                  2.92492862    -1.62496034   50.93307835    15.77970602 
                  3.14159000    -1.62496034   43.86494543    13.68523776 
                 -3.14159000    -1.40829897   47.14900635    15.03327878 
                 -2.92492862    -1.40829897   32.38726256    13.04417174 
                 -2.70826724    -1.40829897   14.04136959    10.18458600 
                 -2.49160586    -1.40829897    1.34005091    11.97075664 
                 -2.27494448    -1.40829897   -3.79123875    10.13770632 
                 -2.05828310    -1.40829897    2.49236113    11.33174179 
                 -1.84162172    -1.40829897   -0.38297211    11.26992999 
                 -1.62496034    -1.40829897    2.81768135    12.32227391 
                 -1.40829897    -1.40829897    0.93378338    17.08560536 
                 -1.19163759    -1.40829897   -2.83754786    22.65452357 
                 -0.97497621    -1.40829897  -12.97258496    24.65047125 
                 -0.75831483    -1.40829897  -13.68651779    28.41076976 
                 -0.54165345    -1.40829897  -15.93733932    27.84621827 
                 -0.32499207    -1.40829897   -6.00128672    22.87194756 
                 -0.10833069    -1.40829897   -4.80882765     8.69046111 
                  0.10833069    -1.40829897    2.84979591    -0.37760251 
                  0.32499207    -1.40829897   11.29620405    -9.96122387 
                  0.54165345    -1.40829897   18.83494253   -12.49688558 
                  0.75831483    -1.40829897   16.94709021    -7.09977201 
                  0.97497621    -1.40829897    0.18572517     1.18074271 
                  1.19163759    -1.40829897  -23.23938025    10.16976037 
                  1.40829897    -1.40829897  -48.62455823    12.01934629 
                  1.62496034    -1.40829897  -62.58242642     9.21506133 
                  1.84162172    -1.40829897  -50.58078201     9.82119930 
                  2.05828310    -1.40829897  -32.70421051    12.30285188 
                  2.27494448    -1.40829897   -0.32158352    13.83460058 
                  2.49160586    -1.40829897   30.51701172    15.25193248 
                  2.70826724    -1.40829897   51.40799722    17.28299152 
                  2.92492862    -1.40829897   51.64076784    17.31184551 
                  3.14159000    -1.40829897   47.14900635    15.03327878 
                 -3.14159000    -1.19163759   43.50017544    16.84807468 
                 -2.92492862    -1.19163759   31.64871113    14.90853283 
                 -2.70826724    -1.19163759   12.33494243    13.10741044 
                 -2.49160586    -1.19163759    2.63513200    12.87055461 
                 -2.27494448    -1.19163759   -2.71117675    13.33365266 
                 -2.05828310    -1.19163759    1.32875132    16.44031565 
                 -1.84162172    -1.19163759    2.66023561    16.89383652 
                 -1.62496034    -1.19163759    4.56052599    16.73761456 
                 -1.40829897    -1.19163759    4.48488001    21.17420466 
                 -1.19163759    -1.19163759   -1.52932483    22.12048319 
                 -0.97497621    -1.19163759   -9.60335872    22.99223910 
                 -0.75831483    -1.19163759  -15.18316191    25.89634980 
                 -0.54165345    -1.19163759  -18.53218803    20.99549922 
                 -0.32499207    -1.19163759  -17.10661093    12.79051072 
                 -0.10833069    -1.19163759  -12.92373887     3.85923170 
                  0.10833069    -1.19163759   -6.86105490    -8.80268090 
                  0.32499207    -1.19163759    5.87522367   -15.29550456 
                  0.54165345    -1.19163759   23.93242982    -8.00808824 
                  0.75831483    -1.19163759   24.05624914    -0.89273782 
                  0.97497621    -1.19163759    8.73822926     6.66570313 
                  1.19163759    -1.19163759  -19.11212749    11.52359463 
                  1.40829897    -1.19163759  -47.27324312    11.96212207 
                  1.62496034    -1.19163759  -61.10914761    12.92399304 
                  1.84162172    -1.19163759  -50.78431821    10.06777986 
                  2.05828310    -1.19163759  -31.25304514    13.02871253 
                  2.27494448    -1.19163759    3.41973439    17.54989739 
                  2.49160586    -1.19163759   29.65463585    20.03407647 
                  2.70826724    -1.19163759   52.41555556    21.67030903 
                  2.92492862    -1.19163759   52.25146457    19.07920472 
                  3.14159000    -1.19163759   43.50017544    16.84807468 
                 -3.14159000    -0.97497621   45.62239693    16.54926559 
                 -2.92492862    -0.97497621   29.99187350    14.51596830 
                 -2.70826724    -0.97497621   12.09055029    15.61125074 
                 -2.49160586    -0.97497621    2.90325624    14.80224733 
                 -2.27494448    -0.97497621   -0.85004462    16.15552590 
                 -2.05828310    -0.97497621   -0.56722613    16.39063225 
                 -1.84162172    -0.97497621    2.89748673    18.24378588 
                 -1.62496034    -0.97497621    6.55911096    17.13138577 
                 -1.40829897    -0.97497621    7.24228389    20.60379673 
                 -1.19163759    -0.97497621   -1.24273224    20.83348011 
                 -0.97497621    -0.97497621   -6.88007431    22.35437452 
                 -0.75831483    -0.97497621  -18.86914643    17.11253584 
                 -0.54165345    -0.97497621  -25.85266337    11.30971131 
                 -0.32499207    -0.97497621  -28.53310803    -0.25420398 
                 -0.10833069    -0.97497621  -26.52419026   -10.54247295 
                  0.10833069    -0.97497621  -14.59928180   -17.17673732 
                  0.32499207    -0.97497621   13.38339658   -11.94299341 
                  0.54165345    -0.97497621   33.05953169    -2.66746111 
                  0.75831483    -0.97497621   30.83795088     4.72322982 
                  0.97497621    -0.97497621   13.22973417     7.25303682 
                  1.19163759    -0.97497621  -16.81576759    10.63829184 
                  1.40829897    -0.97497621  -49.78825251     8.39349643 
                  1.62496034    -0.97497621  -61.46486480     8.81355614 
                  1.84162172    -0.97497621  -54.43682761    12.19923707 
                  2.05828310    -0.97497621  -24.54196861    14.99879469 
                  2.27494448    -0.97497621    5.66985157    14.45904621 
                  2.49160586    -0.97497621   35.10278915    15.10620842 
                  2.70826724    -0.97497621   49.24467019    18.89180643 
                  2.92492862    -0.97497621   51.41825306    17.98228683 
                  3.14159000    -0.97497621   45.62239693    16.54926559 
                 -3.14159000    -0.75831483   45.30765561    10.45415871 
                 -2.92492862    -0.75831483   31.49129378    11.12229332 
                 -2.70826724    -0.75831483   13.45429656    11.24976209 
                 -2.49160586    -0.75831483    2.12980794    12.27446330 
                 -2.27494448    -0.75831483   -0.34766608    12.62555001 
                 -2.05828310    -0.75831483    2.94620155    15.02172099 
                 -1.84162172    -0.75831483    2.20478702    13.86646905 
                 -1.62496034    -0.75831483    3.41684028    13.56895963 
                 -1.40829897    -0.75831483    7.95534583    15.33428987 
                 -1.19163759    -0.75831483   -0.57383506    15.26791497 
                 -0.97497621    -0.75831483  -11.43855509    12.21562288 
                 -0.75831483    -0.75831483  -26.35489751     4.39265749 
                 -0.54165345    -0.75831483  -34.12993788    -2.84119645 
                 -0.32499207    -0.75831483  -37.39345366   -13.90640843 
                 -0.10833069    -0.75831483  -32.61568660   -20.87449274 
                  0.10833069    -0.75831483   -9.70526995   -15.93017508 
                  0.32499207    -0.75831483   21.45781812    -9.71129603 
                  0.54165345    -0.75831483   39.98914867     1.09853658 
                  0.75831483    -0.75831483   34.61368932     5.05374090 
                  0.97497621    -0.75831483   13.23538697     6.50342280 
                  1.19163759    -0.75831483  -16.69683671     6.79510876 
                  1.40829897    -0.75831483  -46.97204851     7.96035326 
                  1.62496034    -0.75831483  -61.00626703     7.92795625 
                  1.84162172    -0.75831483  -49.49085586     9.62738678 
                  2.05828310    -0.75831483  -24.89669562    11.97413352 
                  2.27494448    -0.75831483    4.37064143    10.97469738 
                  2.49160586    -0.75831483   33.91921158     8.99523772 
                  2.70826724    -0.75831483   50.23067119     9.05032060 
                  2.92492862    -0.75831483   51.90618359     9.62147583 
                  3.14159000    -0.75831483   45.30765561    10.45415871 
                 -3.14159000    -0.54165345   44.84522102     3.79636715 
                 -2.92492862    -0.54165345   30.29337973     5.32480203 
                 -2.70826724    -0.54165345   14.95485480     8.13482085 
                 -2.49160586    -0.54165345    2.00410647     9.91160816 
                 -2.27494448    -0.54165345    1.40358208     9.84478973 
                 -2.05828310    -0.54165345    6.02695433    12.56199688 
                 -1.84162172    -0.54165345    3.62292110    11.99730908 
                 -1.62496034    -0.54165345    7.45702875    13.27857595 
                 -1.40829897    -0.54165345    8.18766742     9.58648540 
                 -1.19163759    -0.54165345   -3.26407236     8.60573348 
                 -0.97497621    -0.54165345  -16.86269965     3.43828470 
                 -0.75831483    -0.54165345  -34.25585209    -6.31204877 
                 -0.54165345    -0.54165345  -45.73376577   -16.29277523 
                 -0.32499207    -0.54165345  -45.41670706   -23.21995672 
                 -0.10833069    -0.54165345  -28.41191353   -18.82263938 
                  0.10833069    -0.54165345   -1.44025682   -11.91616699 
                  0.32499207    -0.54165345   30.78982501    -2.64612833 
                  0.54165345    -0.54165345   44.69607928     3.01545066 
                  0.75831483    -0.54165345   38.34213202     7.88304304 
                  0.97497621    -0.54165345   14.66678151     7.44686711 
                  1.19163759    -0.54165345  -18.71929005     5.48674033 
                  1.40829897    -0.54165345  -46.16827173     6.14417628 
                  1.62496034    -0.54165345  -58.09668992     7.14946870 
                  1.84162172    -0.54165345  -50.03455291     9.50536240 
                  2.05828310    -0.54165345  -25.52922978     7.28134268 
                  2.27494448    -0.54165345    2.36860223     5.11511009 
                  2.49160586    -0.54165345   34.35710403     2.33325479 
                  2.70826724    -0.54165345   50.49799173     2.32096522 
                  2.92492862    -0.54165345   54.24290957     1.41651775 
                  3.14159000    -0.54165345   44.84522102     3.79636715 
                 -3.14159000    -0.32499207   48.11990261    -3.03586576 
                 -2.92492862    -0.32499207   32.32402524     3.26634547 
                 -2.70826724    -0.32499207   17.92668957     3.85312249 
                 -2.49160586    -0.32499207    3.40563154     4.04087284 
                 -2.27494448    -0.32499207    3.39906227     8.57094134 
                 -2.05828310    -0.32499207    2.73801487     8.07571694 
                 -1.84162172    -0.32499207    2.21611654     6.86531693 
                 -1.62496034    -0.32499207    6.52890543     8.87812083 
                 -1.40829897    -0.32499207    4.33606171     4.48505710 
                 -1.19163759    -0.32499207   -6.29576923     2.77230607 
                 -0.97497621    -0.32499207  -26.97374459   -10.61944628 
                 -0.75831483    -0.32499207  -41.21392479   -15.77160937 
                 -0.54165345    -0.32499207  -51.68417645   -21.02208035 
                 -0.32499207    -0.32499207  -43.38093223   -22.07167653 
                 -0.10833069    -0.32499207  -24.19981203   -19.33048971 
                  0.10833069    -0.32499207    7.25786125   -12.34080082 
                  0.32499207    -0.32499207   39.49792172     0.48012437 
                  0.54165345    -0.32499207   49.54436821     7.23857639 
                  0.75831483    -0.32499207   39.07015305    10.55275129 
                  0.97497621    -0.32499207   11.65013001     7.54388614 
                  1.19163759    -0.32499207  -20.23226573     6.23554621 
                  1.40829897    -0.32499207  -43.88220785     7.68347032 
                  1.62496034    -0.32499207  -55.91293920     8.47976585 
                  1.84162172    -0.32499207  -49.47054245     9.70781136 
                  2.05828310    -0.32499207  -31.33015085     3.47375215 
                  2.27494448    -0.32499207    0.81918714     1.04525841 
                  2.49160586    -0.32499207   28.17196935    -3.90726712 
                  2.70826724    -0.32499207   45.87985511    -7.97121341 
                  2.92492862    -0.32499207   54.97964967    -8.03029411 
                  3.14159000    -0.32499207   48.11990261    -3.03586576 
                 -3.14159000    -0.10833069   51.87570689    -6.23222549 
                 -2.92492862    -0.10833069   33.54819858    -1.38942668 
                 -2.70826724    -0.10833069   18.06878112    -0.22554984 
                 -2.49160586    -0.10833069    5.12998542     1.13070298 
                 -2.27494448    -0.10833069    3.66131161     2.75975344 
                 -2.05828310    -0.10833069    0.32558111     2.13268476 
                 -1.84162172    -0.10833069    6.47203618     3.09874051 
                 -1.62496034    -0.10833069    2.30701273     0.28885262 
                 -1.40829897    -0.10833069    1.61298790    -3.96874023 
                 -1.19163759    -0.10833069  -12.67229324   -10.40565862 
                 -0.97497621    -0.10833069  -34.33382679   -14.01597075 
                 -0.75831483    -0.10833069  -48.78292373   -19.75182595 
                 -0.54165345    -0.10833069  -53.10012065   -22.83616010 
                 -0.32499207    -0.10833069  -42.00811383   -19.10117647 
                 -0.10833069    -0.10833069  -15.63515181   -11.89604023 
                  0.10833069    -0.10833069   20.85429437    -2.65973259 
                  0.32499207    -0.10833069   49.63979928     9.15001281 
                  0.54165345    -0.10833069   52.35054846    11.96028212 
                  0.75831483    -0.10833069   39.93874380    11.26751886 
                  0.97497621    -0.10833069   11.65683416    11.00377586 
                  1.19163759    -0.10833069  -21.12306555     8.03222424 
                  1.40829897    -0.10833069  -45.19703368     3.61324111 
                  1.62496034    -0.10833069  -55.19397647     6.52585857 
                  1.84162172    -0.10833069  -52.18916248     4.28962822 
                  2.05828310    -0.10833069  -33.18025032     0.34750145 
                  2.27494448    -0.10833069   -6.14045021    -2.52842813 
                  2.49160586    -0.10833069   24.64053763   -10.64411946 
                  2.70826724    -0.10833069   45.80751373   -13.42050317 
                  2.92492862    -0.10833069   55.38871110   -11.82340001 
                  3.14159000    -0.10833069   51.87570689    -6.23222549 
                 -3.14159000     0.10833069   55.95637377    -6.07787734 
                 -2.92492862     0.10833069   37.22748229    -2.92344635 
                 -2.70826724     0.10833069   20.55777192     2.01426777 
                 -2.49160586     0.10833069    8.23041195     1.59030665 
                 -2.27494448     0.10833069    1.07059354    -1.27117048 
                 -2.05828310     0.10833069    1.55377734    -2.44528264 
                 -1.84162172     0.10833069    1.50531935    -4.51532683 
                 -1.62496034     0.10833069    1.67235657    -7.64907096 
                 -1.40829897     0.10833069   -5.98297783    -9.46860060 
                 -1.19163759     0.10833069  -17.28696048   -12.74743060 
                 -0.97497621     0.10833069  -37.75802149   -16.93656109 
                 -0.75831483     0.10833069  -50.58747946   -16.71204872 
                 -0.54165345     0.10833069  -52.17356755   -16.82950956 
                 -0.32499207     0.10833069  -39.43576960   -17.98554757 
                 -0.10833069     0.10833069   -5.67117894    -8.59544559 
                  0.10833069     0.10833069   37.04729173     8.36656631 
                  0.32499207     0.10833069   52.52784048    12.08973263 
                  0.54165345     0.10833069   51.96266379    12.27919450 
                  0.75831483     0.10833069   37.08746160    13.96203228 
                  0.97497621     0.10833069    7.53277631    10.77409054 
                  1.19163759     0.10833069  -24.79325383     8.73859700 
                  1.40829897     0.10833069  -45.98725452     2.64904188 
                  1.62496034     0.10833069  -57.03653303     1.59338245 
                  1.84162172     0.10833069  -53.66701310    -0.55349847 
                  2.05828310     0.10833069  -39.17407842    -4.25006646 
                  2.27494448     0.10833069  -11.95294723    -8.79003385 
                  2.49160586     0.10833069   20.95419659   -12.01123098 
                  2.70826724     0.10833069   43.55963184   -13.37804551 
                  2.92492862     0.10833069   60.54385846   -11.54122756 
                  3.14159000     0.10833069   55.95637377    -6.07787734 
                 -3.14159000     0.32499207   57.64639128    -1.59316491 
                 -2.92492862     0.32499207   36.04735383    -0.98025920 
                 -2.70826724     0.32499207   20.46826377    -0.26389721 
                 -2.49160586     0.32499207    4.87783452    -3.94859219 
                 -2.27494448     0.32499207    1.93158905    -4.77978863 
                 -2.05828310     0.32499207   -1.12262303    -6.80444054 
                 -1.84162172     0.32499207   -0.90668250   -10.80727140 
                 -1.62496034     0.32499207    1.80166283    -9.76568336 
                 -1.40829897     0.32499207   -6.01049238    -9.90532610 
                 -1.19163759     0.32499207  -19.76071179    -6.79006155 
                 -0.97497621     0.32499207  -40.26867208    -8.11894328 
                 -0.75831483     0.32499207  -51.79929041   -12.26818324 
                 -0.54165345     0.32499207  -50.64161603    -9.58791040 
                 -0.32499207     0.32499207  -32.29249738    -5.59476973 
                 -0.10833069     0.32499207    8.85564583     6.93435444 
                  0.10833069     0.32499207   41.22248547    13.20155164 
                  0.32499207     0.32499207   54.41716235    15.95101133 
                  0.54165345     0.32499207   54.13966344    19.74514921 
                  0.75831483     0.32499207   33.92355028    14.47743318 
                  0.97497621     0.32499207    2.92369026     8.07585093 
                  1.19163759     0.32499207  -29.05858568     0.93414858 
                  1.40829897     0.32499207  -51.83961513    -3.01732641 
                  1.62496034     0.32499207  -59.07119797    -6.86652062 
                  1.84162172     0.32499207  -55.64918503    -8.57048254 
                  2.05828310     0.32499207  -42.68554412    -5.50822326 
                  2.27494448     0.32499207  -13.17805455    -3.82382852 
                  2.49160586     0.32499207   18.47914382    -8.15917879 
                  2.70826724     0.32499207   46.65947370    -4.22129756 
                  2.92492862     0.32499207   62.89152085     0.78695694 
                  3.14159000     0.32499207   57.64639128    -1.59316491 
                 -3.14159000     0.54165345   53.58090229     1.82235213 
                 -2.92492862     0.54165345   35.89597358     0.99734150 
                 -2.70826724     0.54165345   18.07114477    -3.38875344 
                 -2.49160586     0.54165345    4.43854327    -4.78567457 
                 -2.27494448     0.54165345   -3.40469521    -6.96480153 
                 -2.05828310     0.54165345   -3.66750633   -10.39806341 
                 -1.84162172     0.54165345   -1.23750500    -9.74901528 
                 -1.62496034     0.54165345    1.80025127    -8.29281882 
                 -1.40829897     0.54165345   -2.12565593    -2.12400782 
                 -1.19163759     0.54165345  -21.62994707    -4.41872580 
                 -0.97497621     0.54165345  -41.25443660    -8.04126123 
                 -0.75831483     0.54165345  -53.35298772   -10.13495380 
                 -0.54165345     0.54165345  -46.79502596    -6.56313483 
                 -0.32499207     0.54165345  -21.49473476     1.98649007 
                 -0.10833069     0.54165345   18.05543485    14.37891176 
                  0.10833069     0.54165345   46.88767748    22.11374963 
                  0.32499207     0.54165345   56.26271875    23.47932631 
                  0.54165345     0.54165345   49.55744797    20.58839735 
                  0.75831483     0.54165345   23.75864610     6.72830851 
                  0.97497621     0.54165345   -6.38792707    -0.52898102 
                  1.19163759     0.54165345  -34.20962687    -7.21283904 
                  1.40829897     0.54165345  -51.07860085   -10.92193950 
                  1.62496034     0.54165345  -59.11739314    -9.60912016 
                  1.84162172     0.54165345  -50.98802319    -8.87827104 
                  2.05828310     0.54165345  -39.42117434    -6.44973208 
                  2.27494448     0.54165345   -9.90195581    -5.65055524 
                  2.49160586     0.54165345   19.02657695    -3.79697513 
                  2.70826724     0.54165345   47.81203983     1.18803348 
                  2.92492862     0.54165345   64.74723247     0.78680454 
                  3.14159000     0.54165345   53.58090229     1.82235213 
                 -3.14159000     0.75831483   51.06035677    -3.00027061 
                 -2.92492862     0.75831483   34.43535305    -3.00317873 
                 -2.70826724     0.75831483   16.41287688    -3.86545510 
                 -2.49160586     0.75831483    0.01418534    -8.24934048 
                 -2.27494448     0.75831483   -6.21011972    -8.67143128 
                 -2.05828310     0.75831483   -2.54265224    -8.55065419 
                 -1.84162172     0.75831483    1.86805491    -7.48311628 
                 -1.62496034     0.75831483    5.89547422    -5.45622459 
                 -1.40829897     0.75831483   -2.18077643    -2.64192968 
                 -1.19163759     0.75831483  -23.66276375    -2.80259672 
                 -0.97497621     0.75831483  -43.08423424    -2.72892563 
                 -0.75831483     0.75831483  -51.33032379    -2.59558910 
                 -0.54165345     0.75831483  -39.08133963     2.64244361 
                 -0.32499207     0.75831483  -11.26272787    10.42350260 
                 -0.10833069     0.75831483   28.99441504    23.30102072 
                  0.10833069     0.75831483   49.66843051    25.54099322 
                  0.32499207     0.75831483   51.19864330    17.28708746 
                  0.54165345     0.75831483   38.93546597     9.52501445 
                  0.75831483     0.75831483   15.02096606    -3.36111055 
                  0.97497621     0.75831483  -12.10291420    -9.61688157 
                  1.19163759     0.75831483  -35.88002651   -11.24950919 
                  1.40829897     0.75831483  -52.78862439   -12.20312101 
                  1.62496034     0.75831483  -57.55453306   -12.91570578 
                  1.84162172     0.75831483  -52.40254390   -13.28172703 
                  2.05828310     0.75831483  -35.12234746    -9.93414244 
                  2.27494448     0.75831483   -8.21909256    -6.45417020 
                  2.49160586     0.75831483   21.66784326    -0.75146484 
                  2.70826724     0.75831483   53.80722544    -0.62972267 
                  2.92492862     0.75831483   62.47351300    -3.32756744 
                  3.14159000     0.75831483   51.06035677    -3.00027061 
                 -3.14159000     0.97497621   51.57399552    -3.07820395 
                 -2.92492862     0.97497621   32.29978376    -6.19860127 
                 -2.70826724     0.97497621   13.84446904    -6.87337107 
                 -2.49160586     0.97497621    0.30902546    -6.68806898 
                 -2.27494448     0.97497621   -5.75618611    -5.90150325 
                 -2.05828310     0.97497621   -4.80340977    -6.29406676 
                 -1.84162172     0.97497621    2.42705594    -5.92789693 
                 -1.62496034     0.97497621   10.14879294    -0.84566281 
                 -1.40829897     0.97497621   -3.87038293    -2.49647351 
                 -1.19163759     0.97497621  -21.89539420    -2.21914595 
                 -0.97497621     0.97497621  -39.89502359     1.97141626 
                 -0.75831483     0.97497621  -45.04889562     6.30251774 
                 -0.54165345     0.97497621  -32.56751286    13.89360404 
                 -0.32499207     0.97497621    0.81905807    22.90224266 
                 -0.10833069     0.97497621   31.65451880    27.64738173 
                  0.10833069     0.97497621   40.86640767    20.68533733 
                  0.32499207     0.97497621   38.32864399     5.60127634 
                  0.54165345     0.97497621   28.17509130    -2.60606202 
                  0.75831483     0.97497621    8.63380317   -10.21639907 
                  0.97497621     0.97497621  -15.94695382   -15.53955446 
                  1.19163759     0.97497621  -36.14972085   -14.42051561 
                  1.40829897     0.97497621  -54.50264089   -14.31580537 
                  1.62496034     0.97497621  -56.34520487   -14.38641455 
                  1.84162172     0.97497621  -51.19197718   -10.66765435 
                  2.05828310     0.97497621  -32.71652033    -8.57585902 
                  2.27494448     0.97497621   -3.18795790    -5.30472832 
                  2.49160586     0.97497621   27.73252822    -0.05433359 
                  2.70826724     0.97497621   49.26153019     2.43133858 
                  2.92492862     0.97497621   59.94532899     0.84170894 
                  3.14159000     0.97497621   51.57399552    -3.07820395 
                 -3.14159000     1.19163759   48.50610995    -2.61104756 
                 -2.92492862     1.19163759   31.35997215    -4.33985617 
                 -2.70826724     1.19163759   14.92582912    -5.49981014 
                 -2.49160586     1.19163759    0.46027010    -6.18669302 
                 -2.27494448     1.19163759   -4.09522758    -5.63126615 
                 -2.05828310     1.19163759   -3.62096005    -2.70297814 
                 -1.84162172     1.19163759    1.50915938    -2.47755159 
                 -1.62496034     1.19163759   10.27383361    -3.81693766 
                 -1.40829897     1.19163759   -1.43145118    -2.04039572 
                 -1.19163759     1.19163759  -21.36067440    -2.97174163 
                 -0.97497621     1.19163759  -35.52789473     4.34441169 
                 -0.75831483     1.19163759  -35.20822748    14.74099810 
                 -0.54165345     1.19163759  -21.82278538    25.21736193 
                 -0.32499207     1.19163759    7.22222888    29.86096309 
                 -0.10833069     1.19163759   22.87625319    22.95988576 
                  0.10833069     1.19163759   27.84232136    11.39354281 
                  0.32499207     1.19163759   28.00942215    -2.36133711 
                  0.54165345     1.19163759   18.32674804   -12.27645654 
                  0.75831483     1.19163759    4.72848988   -16.09918906 
                  0.97497621     1.19163759  -13.98937446   -12.15276543 
                  1.19163759     1.19163759  -36.09469276   -13.21276526 
                  1.40829897     1.19163759  -53.67817352    -9.24619684 
                  1.62496034     1.19163759  -55.24709398    -9.19984233 
                  1.84162172     1.19163759  -48.70647918    -6.51816112 
                  2.05828310     1.19163759  -32.45045667    -2.86860442 
                  2.27494448     1.19163759    0.48283707    -1.31764212 
                  2.49160586     1.19163759   29.01463962     1.56479986 
                  2.70826724     1.19163759   52.81074422     2.99703962 
                  2.92492862     1.19163759   55.43080965     0.91332442 
                  3.14159000     1.19163759   48.50610995    -2.61104756 
                 -3.14159000     1.40829897   45.57307576     1.80104680 
                 -2.92492862     1.40829897   31.30117656     3.22192313 
                 -2.70826724     1.40829897   15.81360488     2.50752453 
                 -2.49160586     1.40829897   -0.25183640     0.65463754 
                 -2.27494448     1.40829897   -6.47523130    -2.06693319 
                 -2.05828310     1.40829897   -3.57872021     1.05464918 
                 -1.84162172     1.40829897    2.71456411     3.42528674 
                 -1.62496034     1.40829897    6.94750422    -1.62716957 
                 -1.40829897     1.40829897   -0.17576384     0.20225228 
                 -1.19163759     1.40829897  -16.57877684     3.92717419 
                 -0.97497621     1.40829897  -26.87421670    10.69712693 
                 -0.75831483     1.40829897  -26.78091134    19.65300967 
                 -0.54165345     1.40829897  -13.52532536    29.68690832 
                 -0.32499207     1.40829897    2.66530454    23.81461620 
                 -0.10833069     1.40829897   10.65828135    13.56365571 
                  0.10833069     1.40829897   15.65071067     1.26244548 
                  0.32499207     1.40829897   17.25945310    -8.72563521 
                  0.54165345     1.40829897   14.83803289   -12.48334215 
                  0.75831483     1.40829897    4.06289360   -14.56110014 
                  0.97497621     1.40829897  -11.22245086   -10.10121531 
                  1.19163759     1.40829897  -33.96129326    -7.89593479 
                  1.40829897     1.40829897  -48.17435166    -4.14907912 
                  1.62496034     1.40829897  -56.48854986    -3.95291655 
                  1.84162172     1.40829897  -45.44357383    -1.65803130 
                  2.05828310     1.40829897  -26.61022784    -0.06786126 
                  2.27494448     1.40829897    4.53557514     2.63989843 
                  2.49160586     1.40829897   31.24656982     6.68091068 
                  2.70826724     1.40829897   50.06632728     7.51302758 
                  2.92492862     1.40829897   53.49360525     6.53711937 
                  3.14159000     1.40829897   45.57307576     1.80104680 
                 -3.14159000     1.62496034   45.58575896     7.21372912 
                 -2.92492862     1.62496034   28.51258358     8.37961404 
                 -2.70826724     1.62496034   12.50511019     7.23895045 
                 -2.49160586     1.62496034   -1.17405640     5.05484543 
                 -2.27494448     1.62496034   -2.53177912     5.71562751 
                 -2.05828310     1.62496034   -0.42428665     3.38624463 
                 -1.84162172     1.62496034   -3.42910466     7.95239604 
                 -1.62496034     1.62496034    5.07348697     6.05567412 
                 -1.40829897     1.62496034    1.75694400     4.12219858 
                 -1.19163759     1.62496034  -10.00219737     7.53450188 
                 -0.97497621     1.62496034  -17.24780804    15.88182485 
                 -0.75831483     1.62496034  -16.96468166    23.17568489 
                 -0.54165345     1.62496034  -17.85016443    20.24361615 
                 -0.32499207     1.62496034   -7.12015828    17.48301744 
                 -0.10833069     1.62496034   -1.22198941     7.94791687 
                  0.10833069     1.62496034    4.89349671    -0.95468737 
                  0.32499207     1.62496034   11.57382255    -8.01408571 
                  0.54165345     1.62496034   13.03526546   -13.07465067 
                  0.75831483     1.62496034    5.29481625   -13.68853880 
                  0.97497621     1.62496034   -8.28360639    -9.07229049 
                  1.19163759     1.62496034  -27.68811805    -3.91072596 
                  1.40829897     1.62496034  -46.60598514    -0.85198938 
                  1.62496034     1.62496034  -52.94624861     6.02055180 
                  1.84162172     1.62496034  -46.88565303     4.55663173 
                  2.05828310     1.62496034  -25.91271598     5.22358110 
                  2.27494448     1.62496034    4.93966009     6.19266022 
                  2.49160586     1.62496034   33.77568384     8.35953100 
                  2.70826724     1.62496034   48.34091398     6.31014932 
                  2.92492862     1.62496034   53.28084876     6.19382476 
                  3.14159000     1.62496034   45.58575896     7.21372912 
                 -3.14159000     1.84162172   46.22846745    14.62208014 
                 -2.92492862     1.84162172   26.72090214     9.57382046 
                 -2.70826724     1.84162172   11.35442978     9.24757168 
                 -2.49160586     1.84162172   -1.02163135     6.96738873 
                 -2.27494448     1.84162172   -0.56586887     8.24370611 
                 -2.05828310     1.84162172    1.90914907    10.55418509 
                 -1.84162172     1.84162172    2.15686602     8.37122395 
                 -1.62496034     1.84162172    2.57602492     6.95192977 
                 -1.40829897     1.84162172    1.42226292     9.20433971 
                 -1.19163759     1.84162172   -4.79003983    12.72266939 
                 -0.97497621     1.84162172  -11.06331145    18.50010937 
                 -0.75831483     1.84162172  -17.62008213    18.11430282 
                 -0.54165345     1.84162172  -17.58217338    16.85089275 
                 -0.32499207     1.84162172  -17.52048438     9.51854539 
                 -0.10833069     1.84162172   -9.95820467     2.19051559 
                  0.10833069     1.84162172   -1.32086241    -4.08890414 
                  0.32499207     1.84162172    4.54386039   -11.95973376 
                  0.54165345     1.84162172   12.10894849   -16.86839745 
                  0.75831483     1.84162172   10.01954036   -12.11684353 
                  0.97497621     1.84162172   -1.92823849    -5.11064989 
                  1.19163759     1.84162172  -23.22894869     1.64895228 
                  1.40829897     1.84162172  -42.92284266     6.43983570 
                  1.62496034     1.84162172  -49.55598782     9.75179863 
                  1.84162172     1.84162172  -48.28705964    10.39393300 
                  2.05828310     1.84162172  -23.95581601     9.06844189 
                  2.27494448     1.84162172    5.38520244    10.72010750 
                  2.49160586     1.84162172   35.46868288    13.12094041 
                  2.70826724     1.84162172   52.22810107    13.83596316 
                  2.92492862     1.84162172   53.82092573    13.98692098 
                  3.14159000     1.84162172   46.22846745    14.62208014 
                 -3.14159000     2.05828310   45.28372858    13.51556436 
                 -2.92492862     2.05828310   24.91353995    13.01759811 
                 -2.70826724     2.05828310   13.99858014    10.91029561 
                 -2.49160586     2.05828310   -1.94717879    11.22140475 
                 -2.27494448     2.05828310   -3.20709241    12.40015035 
                 -2.05828310     2.05828310   -1.08946655    10.45963793 
                 -1.84162172     2.05828310    2.77124715    11.25586300 
                 -1.62496034     2.05828310    7.89845299    15.76566708 
                 -1.40829897     2.05828310    5.05093799    15.66275347 
                 -1.19163759     2.05828310    0.35539651    16.93138409 
                 -0.97497621     2.05828310  -10.68446716    17.18022566 
                 -0.75831483     2.05828310  -18.80574135    14.36074663 
                 -0.54165345     2.05828310  -24.12711417     8.76111811 
                 -0.32499207     2.05828310  -22.90593135     2.62979486 
                 -0.10833069     2.05828310  -18.14101781    -6.49631401 
                  0.10833069     2.05828310   -9.05073250   -13.73298807 
                  0.32499207     2.05828310    1.41326245   -16.55908083 
                  0.54165345     2.05828310   14.22834226   -15.80186190 
                  0.75831483     2.05828310   16.45084797    -7.57470989 
                  0.97497621     2.05828310    4.45070980     1.62889356 
                  1.19163759     2.05828310  -17.17973088     7.26398969 
                  1.40829897     2.05828310  -39.16937813    12.07364529 
                  1.62496034     2.05828310  -50.55508335     9.76828567 
                  1.84162172     2.05828310  -44.69321244    13.61797845 
                  2.05828310     2.05828310  -25.27897637    13.10476114 
                  2.27494448     2.05828310    8.72080154    13.25498050 
                  2.49160586     2.05828310   34.59294474    13.77947047 
                  2.70826724     2.05828310   50.50244378    13.43678925 
                  2.92492862     2.05828310   54.52258200    15.27537984 
                  3.14159000     2.05828310   45.28372858    13.51556436 
                 -3.14159000     2.27494448   44.78786929    14.41174298 
                 -2.92492862     2.27494448   27.56488479    10.64934481 
                 -2.70826724     2.27494448   12.20873074    14.68785185 
                 -2.49160586     2.27494448    1.57820005    11.57343800 
                 -2.27494448     2.27494448   -8.21807230    15.18444003 
                 -2.05828310     2.27494448   -2.84858816    11.38765756 
                 -1.84162172     2.27494448    6.87244969    14.12747212 
                 -1.62496034     2.27494448    4.79720390    11.01064295 
                 -1.40829897     2.27494448    8.05617933    11.93310992 
                 -1.19163759     2.27494448   -0.83707095    10.91080288 
                 -0.97497621     2.27494448  -13.38432732     9.15577010 
                 -0.75831483     2.27494448  -24.08183368     5.21477541 
                 -0.54165345     2.27494448  -29.71747381     1.57437527 
                 -0.32499207     2.27494448  -32.83400929    -3.23642400 
                 -0.10833069     2.27494448  -25.97441361   -11.89650526 
                  0.10833069     2.27494448  -13.89770179   -17.98533417 
                  0.32499207     2.27494448    2.64649494   -18.17022344 
                  0.54165345     2.27494448   23.49750269    -9.29819795 
                  0.75831483     2.27494448   28.66674563     1.86008532 
                  0.97497621     2.27494448   13.05457068     9.31265947 
                  1.19163759     2.27494448  -12.90847681    11.45317071 
                  1.40829897     2.27494448  -40.06414963    12.83098836 
                  1.62496034     2.27494448  -48.23228162    11.90258138 
                  1.84162172     2.27494448  -45.36212409    11.21987180 
                  2.05828310     2.27494448  -24.10671448    10.07467941 
                  2.27494448     2.27494448    7.29119052    13.46299761 
                  2.49160586     2.27494448   34.91248326    13.22181661 
                  2.70826724     2.27494448   53.79294543    13.33113997 
                  2.92492862     2.27494448   53.11892931    14.20935608 
                  3.14159000     2.27494448   44.78786929    14.41174298 
                 -3.14159000     2.49160586   44.71065358     8.31013266 
                 -2.92492862     2.49160586   25.43329449    11.78324825 
                 -2.70826724     2.49160586   10.98403282    12.34664834 
                 -2.49160586     2.49160586   -2.79960933     9.85145665 
                 -2.27494448     2.49160586   -3.64479692     5.71958842 
                 -2.05828310     2.49160586   -0.74734060     6.16953726 
                 -1.84162172     2.49160586    4.62480145     6.70774624 
                 -1.62496034     2.49160586    4.27266329     8.13095907 
                 -1.40829897     2.49160586    1.19621116     8.21776825 
                 -1.19163759     2.49160586   -5.76976597     3.44546043 
                 -0.97497621     2.49160586  -16.86567684     4.03788405 
                 -0.75831483     2.49160586  -25.82021289     0.67974779 
                 -0.54165345     2.49160586  -34.64680348    -5.43184810 
                 -0.32499207     2.49160586  -39.07285930   -13.88405123 
                 -0.10833069     2.49160586  -33.61310390   -21.80908843 
                  0.10833069     2.49160586  -16.85155481   -25.57388365 
                  0.32499207     2.49160586    9.65988345   -19.32550864 
                  0.54165345     2.49160586   35.66589227    -5.84645860 
                  0.75831483     2.49160586   36.56159621     5.51028691 
                  0.97497621     2.49160586   15.80094421    12.31956129 
                  1.19163759     2.49160586  -13.46289681    11.42306378 
                  1.40829897     2.49160586  -39.52681149     8.27077739 
                  1.62496034     2.49160586  -52.12803782     8.62001772 
                  1.84162172     2.49160586  -47.21692069     7.60806374 
                  2.05828310     2.49160586  -24.62212515     6.19080529 
                  2.27494448     2.49160586    7.88476239     6.57885716 
                  2.49160586     2.49160586   37.43855355     6.33999687 
                  2.70826724     2.49160586   52.68701869     5.54715393 
                  2.92492862     2.49160586   55.24261407     9.01804698 
                  3.14159000     2.49160586   44.71065358     8.31013266 
                 -3.14159000     2.70826724   44.85406010     1.82676085 
                 -2.92492862     2.70826724   24.23162280     2.64033330 
                 -2.70826724     2.70826724   13.68932988    -2.08457897 
                 -2.49160586     2.70826724   -2.11054404    -1.21459966 
                 -2.27494448     2.70826724   -9.22289510     3.30245775 
                 -2.05828310     2.70826724   -2.54381885    -0.93205771 
                 -1.84162172     2.70826724    1.08345143     1.03596114 
                 -1.62496034     2.70826724   12.86335215     1.15765442 
                 -1.40829897     2.70826724    3.56186826     1.54796033 
                 -1.19163759     2.70826724   -6.35572553    -4.60180205 
                 -0.97497621     2.70826724  -19.31607338    -8.50727236 
                 -0.75831483     2.70826724  -32.80033175   -13.41115168 
                 -0.54165345     2.70826724  -43.88390620   -22.30827886 
                 -0.32499207     2.70826724  -46.48687513   -29.77051075 
                 -0.10833069     2.70826724  -37.25688764   -33.06818772 
                  0.10833069     2.70826724  -15.85904247   -32.56191712 
                  0.32499207     2.70826724   30.33159649   -13.30834515 
                  0.54165345     2.70826724   49.88651660     5.33814841 
                  0.75831483     2.70826724   41.99693223     9.10388059 
                  0.97497621     2.70826724   15.33184465     8.25731663 
                  1.19163759     2.70826724  -16.28927960     5.44698937 
                  1.40829897     2.70826724  -40.81472257     1.25948342 
                  1.62496034     2.70826724  -52.50685465     0.59136570 
                  1.84162172     2.70826724  -48.91595070    -2.29694704 
                  2.05828310     2.70826724  -24.77393532    -2.73318992 
                  2.27494448     2.70826724    7.89102765    -1.76069817 
                  2.49160586     2.70826724   38.12152451    -1.10620186 
                  2.70826724     2.70826724   52.99126315    -1.50787172 
                  2.92492862     2.70826724   54.19856946     2.90542136 
                  3.14159000     2.70826724   44.85406010     1.82676085 
                 -3.14159000     2.92492862   44.59346167    -6.48672930 
                 -2.92492862     2.92492862   27.34837003    -7.63011895 
                 -2.70826724     2.92492862   11.35481175    -7.14388849 
                 -2.49160586     2.92492862   -2.07324446    -7.75861853 
                 -2.27494448     2.92492862   -4.48342462    -7.88294999 
                 -2.05828310     2.92492862   -2.28282059    -7.40922533 
                 -1.84162172     2.92492862    2.35240164    -7.74549154 
                 -1.62496034     2.92492862    6.14111775    -9.73087141 
                 -1.40829897     2.92492862    1.15264233    -8.80871176 
                 -1.19163759     2.92492862   -7.74489218   -12.65456481 
                 -0.97497621     2.92492862  -24.06207187   -21.28310187 
                 -0.75831483     2.92492862  -39.26088715   -25.87560349 
                 -0.54165345     2.92492862  -52.47056973   -34.57089346 
                 -0.32499207     2.92492862  -52.26653325   -41.52798107 
                 -0.10833069     2.92492862  -39.50520324   -42.62780487 
                  0.10833069     2.92492862    4.22810596   -23.16334914 
                  0.32499207     2.92492862   50.46282428    -0.56196980 
                  0.54165345     2.92492862   58.28365913     8.47660709 
                  0.75831483     2.92492862   41.09709417     8.04018135 
                  0.97497621     2.92492862   11.45803932     4.23715867 
                  1.19163759     2.92492862  -22.38416262    -1.99088635 
                  1.40829897     2.92492862  -42.64009266    -6.99508861 
                  1.62496034     2.92492862  -52.70274669   -11.65095199 
                  1.84162172     2.92492862  -51.35500852   -13.20247588 
                  2.05828310     2.92492862  -24.44105736   -12.58218437 
                  2.27494448     2.92492862    9.78094472   -11.93656840 
                  2.49160586     2.92492862   41.79055179   -12.33267258 
                  2.70826724     2.92492862   57.04086371   -11.03158888 
                  2.92492862     2.92492862   58.40165570    -8.22226269 
                  3.14159000     2.92492862   44.59346167    -6.48672930 
                 -3.14159000     3.14159000   47.61452399   -17.13377434 
                 -2.92492862     3.14159000   28.58539436   -13.91792531 
                 -2.70826724     3.14159000   11.32038320   -15.53315263 
                 -2.49160586     3.14159000   -1.66260580   -15.87792845 
                 -2.27494448     3.14159000   -4.93899328   -13.20388454 
                 -2.05828310     3.14159000   -3.09768683   -16.21163221 
                 -1.84162172     3.14159000    1.93489319   -18.68567082 
                 -1.62496034     3.14159000    3.24035498   -14.46315888 
                 -1.40829897     3.14159000    1.31862011   -17.77920916 
                 -1.19163759     3.14159000  -14.26304973   -24.16559909 
                 -0.97497621     3.14159000  -31.68029036   -30.81287066 
                 -0.75831483     3.14159000  -50.01535889   -39.52177130 
                 -0.54165345     3.14159000  -58.70073016   -43.58464256 
                 -0.32499207     3.14159000  -54.13696883   -48.96632492 
                 -0.10833069     3.14159000  -19.36536291   -37.12086365 
                  0.10833069     3.14159000   34.34261009    -5.30453285 
                  0.32499207     3.14159000   57.69124900     4.08110137 
                  0.54165345     3.14159000   59.06578783     8.22571957 
                  0.75831483     3.14159000   37.98539362     5.86422735 
                  0.97497621     3.14159000    4.79909375    -2.72496929 
                  1.19163759     3.14159000  -27.92161752    -8.93875253 
                  1.40829897     3.14159000  -48.78386800   -11.71938549 
                  1.62496034     3.14159000  -55.09112235   -15.51667371 
                  1.84162172     3.14159000  -51.29761516   -14.56830687 
                  2.05828310     3.14159000  -27.54514469   -17.29501383 
                  2.27494448     3.14159000    6.26880645   -23.12411516 
                  2.49160586     3.14159000   41.86993132   -20.94427316 
                  2.70826724     3.14159000   55.21218873   -22.38653234 
                  2.92492862     3.14159000   61.18883931   -20.34234711 
                  3.14159000     3.14159000   47.61452399   -17.13377434 


