#! type grid
#! dim  1
#! count 36 
#! lower -3.14159 
#! upper 3.14159 
#! periodic 0 
-3.05432619 -211.0177006739702
-2.87979327 -581.6265396041208
-2.70526034 -707.1694118499464
-2.53072742 -740.10035786156
-2.35619449 -528.3877639846899
-2.18166156 -217.2341467179395
-2.00712864 172.9200561050124
-1.83259571 529.9629952764927
-1.65806279 772.5679882067295
-1.48352986 690.5452418223125
-1.30899694 348.885433911863
-1.13446401 -313.1429219763642
-0.95993109 -1009.102856409601
-0.78539816 -1302.71787707464
-0.61086524 -1382.822414378896
-0.43633231 -1219.246667955628
-0.26179939 -774.8529074965561
-0.08726646 -277.8726822909733
0.08726646 270.1521484190698
0.26179939 779.9824953598941
0.43633231 1111.234161405101
0.61086524 1321.621616572308
0.78539816 1205.690701577399
0.95993109 916.8353902013899
1.13446401 295.4482826698779
1.30899694 -247.4346155000673
1.48352986 -605.1065978617107
1.65806279 -647.505629454697
1.83259571 -490.62074026978
2.00712864 -116.1520947393769
2.18166156 199.3274906097687
2.35619449 503.2564350130104
2.53072742 684.2243349267327
2.70526034 699.0800034673134
2.87979327 501.658788188653
3.05432619 332.5407720656893
