#! type grid
#! dim  1
#! count 36 
#! lower -3.14159 
#! upper 3.14159 
#! periodic 0 
-3.05432619 96402
-2.87979327 92302
-2.70526034 80751
-2.53072742 80504
-2.35619449 77726
-2.18166156 81302
-2.00712864 83569
-1.83259571 95388
-1.65806279 105713
-1.48352986 115113
-1.30899694 121328
-1.13446401 129465
-0.95993109 125105
-0.78539816 107045
-0.61086524 99222
-0.43633231 94263
-0.26179939 86744
-0.08726646 78444
0.08726646 78168
0.26179939 83580
0.43633231 88408
0.61086524 94813
0.78539816 98616
0.95993109 110918
1.13446401 121418
1.30899694 103175
1.48352986 98355
1.65806279 97399
1.83259571 86765
2.00712864 79844
2.18166156 70202
2.35619449 72727
2.53072742 72737
2.70526034 80401
2.87979327 77580
3.05432619 152508
